ppm default intensity1 intensity2
3.965365585 1.858151685 8.736471305 5.297311495
3.965915338 2.152011721 10.1181129615584 6.13506234127922
3.966465091 2.751398968 12.9362518284069 7.84382539820345
3.967014843 3.963420424 18.6348127999717 11.2991166119858
3.967564596 6.127767947 28.8109249986576 17.4693464728288
3.968114349 8.943004573 42.0473223274548 25.4951634502274
3.968664101 10.31747943 48.5096904132037 29.4135849216018
3.969213854 9.29585854 16.17417816 12.73501835
3.969763606 7.389108526 12.8565594268498 10.1228339764249
3.970313359 5.757435536 10.0175564960758 7.88749601603792
3.970863112 4.531223991 7.88402962436864 6.20762680768432
3.971412864 3.733499742 6.49604226737964 5.11477100468982
3.971962617 3.560667918 6.24670573072981 4.9184515788649
3.972512369 3.590197427 6.19532634092001 4.87799712946001
3.973062122 3.08022908 5.35939458406742 4.21981183203371
3.973611875 2.585502651 4.4986033651956 3.5420530080978
3.974161627 2.465623932 4.29002233415309 3.37782313307654
3.97471138 2.623911089 9.502230709 6.063070899
3.975261132 2.955129849 10.7017062117574 6.82841803037868
3.975810885 3.531610802 12.7893741353065 8.16049246865325
3.976360638 4.425396373 16.0261288925929 10.2257626327965
3.97691039 5.559323615 20.1325326140736 12.8459281145368
3.977460143 7.265002832 26.309478739812 16.787240785906
3.978009896 8.897722567 32.2222094227026 20.5599659948513
3.978559648 8.280706389 15.159026009 11.719866199
3.979109401 5.906982743 10.813582903362 8.36028282318102
3.979659153 3.878569774 7.10028073932078 5.48942525666039
3.980208906 2.865484184 5.24568161616461 4.05558290008231
3.980758659 2.390165674 4.37554260662061 3.38285414031031
7.540406817 0.73673413 4.832010728 2.784372429
7.54095657 0.91431766 5.99672603998929 3.45552184999465
7.541506322 0.928324182 6.08859047494627 3.50845732847313
7.542056075 1.29359598 8.48429494240707 4.88894546120354
7.542605827 2.163699016 14.1910309726998 8.1773649943499
7.54315558 2.663013827 17.4658820012537 10.0644479141269
7.543705333 3.039967493 19.9382042188642 11.4890858559321
7.544255085 2.482006946 6.577283544 4.529645245
7.544804838 1.725511011 4.57257994218406 3.14904547659203
7.54535459 1.082424641 2.86841009463855 1.97541736781928
7.545904343 0.918156864 2.43310279293547 1.67562982846774
7.546454096 0.7723272695 2.04665641587 1.409491842685
7.547003848 0.74721907325 1.9801200484836 1.3636695608668
7.547553601 0.626497675 1.66021003880453 1.14335385690226
7.548103353 0.430451688 1.14069092696625 0.785571307483127
7.548653106 0.377594188 1.00061929441613 0.689106741208063
7.549202859 0.351818831 0.932314960413337 0.642066895706668
7.549752611 0.415232425 4.510509023 2.462870724
7.550302364 0.45239641 4.91420699931564 2.68330170465782
7.550852117 0.5248299 5.70102394939458 3.11292692469729
7.551401869 0.654518538 7.10978139862215 3.88214996831108
7.551951622 0.81907137 8.89725508518746 4.85816322759373
7.552501374 1.211928663 13.1647117146351 7.18832018881753
7.553051127 1.664702638 18.0830200563236 9.87386134716182
7.55360088 1.97548935 21.4589757483785 11.7172325491893
7.554150632 2.117328674 22.9997213939485 12.5585250339743
7.554700385 2.630357076 28.5725502410124 15.6014536585062
7.555250137 4.378294533 47.5597179012407 25.9690062171203
7.55579989 6.067054459 65.9040629602852 35.9855587096426
7.556349643 6.142914897 66.7281055193115 36.4355102081558
7.556899395 5.342010508 9.437287106 7.389648807
7.557449148 4.30949715 7.61323135290223 5.96136425145111
7.5579989 3.530254357 6.23660771058454 4.88343103379227
7.558548653 2.766261762 4.88692532881544 3.82659354540772
7.559098406 2.083194521 3.68020706115824 2.88170079107912
7.559648158 1.340101883 2.36744690079187 1.85377439189594
7.560197911 0.756222473 1.33595555138326 1.04608901219163
7.560747664 0.475874885 0.840688708783748 0.658281796891874
7.561297416 0.390568037 0.689984172452667 0.540276104726334
7.561847169 0.380439087 0.672090196188643 0.526264641594322
7.562396921 0.367349966 0.648966731220316 0.508158348610158
7.562946674 0.337833373 0.598657509430141 0.468764879215071
7.563496427 0.338872249 0.596822213324892 0.467327793162446
7.564046179 0.324581083 0.573410491211152 0.448995787105576
7.564595932 0.429942126 4.525218724 2.477580425
7.565145684 0.553309304 5.82368061003682 3.18849495701841
7.565695437 0.86795651 9.13539942506051 5.00167796753025
7.56624519 1.500314212 15.7910787370152 8.64569647450759
7.566794942 1.92186168 20.227942165579 11.0749019227895
7.567344695 1.985112566 20.8936691933065 11.4393908796532
7.567894447 2.048363452 21.5593962210339 11.8038798365169
7.5684442 2.84737802 29.9691692235109 16.4082736217554
7.568993953 3.888266497 40.9247089133255 22.4064877051627
7.569543705 4.426731143 46.5921468100512 25.5094389765256
7.570093458 3.542180257 7.637456855 5.589818556
7.570643211 1.979821768 4.26878426184222 3.12430301492111
7.571192963 0.968594164 2.08843017600129 1.52851217000064
7.571742716 0.751741646 1.67112513132124 1.22308858116062
7.572292468 0.775052031 1.62086454411393 1.18630309505697
7.572842221 0.560190654 1.20785268960953 0.884021671804766
7.573391974 0.332452316 0.716815643353304 0.524633979676652
7.573941726 0.230617865 0.497245726117126 0.363931795558563
7.574491479 0.207703402 0.447838804441657 0.327771103220828
7.625068719 0.154473024 2.31134134333333 1.23290718366667
7.625618472 0.189859368 2.8408183857237 1.51533887686185
7.626168224 0.239646491 3.585770693743 1.9127085923715
7.626717977 0.300709699 4.49944425014961 2.4000769745748
7.62726773 0.424996664 6.35911911895986 3.39205789147993
7.627817482 0.761896622 11.4000691912046 6.0809829066023
7.628367235 1.278392001 14.9156101797445 7.95622982837223
7.628916987 1.172412312 17.5425131067455 9.35746270937277
7.62946674 0.996849477 19.1282607693232 10.2033263851616
7.630016493 1.547558746 23.1557356633796 12.3516472046898
7.630566245 2.366783612 35.4135930758978 18.8901883439489
7.631115998 1.802712933 3.95958125233333 2.88114709266667
7.63166575 1.4379689715 3.15843686299689 2.29820291724845
7.632215503 1.39394775775 3.06174616450649 2.22784696112824
7.632765256 1.349926544 2.96505546601608 2.15749100500804
7.633315008 0.893226596 1.96193371604725 1.42758015602362
7.633864761 0.449987371 0.988377863930466 0.719182617465233
7.634414513 0.286449992 0.62917506015043 0.457812526075215
7.634964266 0.219591534 0.482323339052407 0.350957436526203
7.635514019 0.214085452 0.470229467276201 0.342157459638101
7.636063771 0.234276786 2.39114510533333 1.31271094566667
7.636613524 0.270398151 2.69912659499791 1.48178921349895
7.637163277 0.28076279 2.75981767674939 1.51510791387469
7.637713029 0.264451832 2.81945422332263 1.54784768666131
7.638262782 0.27624115 2.86560432440041 1.57318355720021
7.638812534 0.426794352 4.35607489411568 2.39143462305784
7.639362287 0.71751384 7.32330221793688 4.02040802896844
7.63991204 1.138350724 10.925313014135 5.99787020306751
7.640461792 1.137718822 11.6121227327701 6.37492077738503
7.641011545 1.070427392 11.6185722380759 6.37846148103796
7.641561297 1.501921257 15.3293534694113 8.41563736320567
7.64211105 2.134198175 21.7826853743955 11.9584417746977
7.642660803 2.946406333 30.0724847807844 16.5094455568922
7.643210555 3.235302479 33.0211021715726 18.1282023252863
7.643760308 2.377661777 4.53453009633333 3.45609593666667
7.64431006 1.660137758 3.16611248098066 2.41312511949033
7.644859813 0.958776106 1.82851873649911 1.39364742124956
7.645409566 0.753855514 1.73719992421068 1.32404669760534
7.645959318 0.910893471 1.46890507945203 1.11955963872602
7.646509071 0.770214198 1.43770680489004 1.09578115944502
7.647058824 0.397568386 0.758217938777786 0.577893162388893
7.647608576 0.23723302 0.452436204106101 0.344834612053051
7.648158329 0.192050155 0.431930186600686 0.329205481300343
7.648708081 0.226480776 0.42364576806984 0.32289132203492
7.649257834 0.222136876 0.366266226877643 0.279158190938821
7.649807587 0.188973901 0.360399384721242 0.274686642860621
7.82517867 0.587646993 5.14991275433333 2.83568997766667
7.825728422 0.521467201 5.39839844012573 2.97251333806287
7.826278175 0.546628236 5.80349202882336 3.19556951091168
7.826827927 0.754257166 7.44890300249337 4.10158008424669
7.82737768 0.938321251 9.26668555360764 5.10250340230382
7.827927433 1.041214538 10.2828404527852 5.66202749539262
7.828477185 1.578288977 15.5868873767883 8.58258817689413
7.829026938 2.352131046 23.2292072261296 12.7906691360648
7.82957669 3.378528694 33.3657188385885 18.3721237662943
7.830126443 5.009947282 49.4773043378991 27.2436258099496
7.830676196 5.261602708 51.9626063579865 28.6121045329932
7.831225948 5.747083333 56.7571224040095 31.2521028685047
7.831775701 6.3448758315 61.5516384500325 33.8921012040163
7.832325454 6.232563958 62.6608095516695 34.5028426915848
7.832875206 6.94266833 68.5644966993295 37.7535825146648
7.833424959 5.411448937 10.0398944903333 7.72567171366667
7.833974711 3.51173126 6.51533660194738 5.01353393097369
7.834524464 1.844160801 3.42148287469808 2.63282183784904
7.835074217 1.704680056 3.16270339076758 2.43369172338379
7.835623969 1.565199311 3.02514779615373 2.32784306457687
7.836173722 1.630538333 2.90392390683709 2.23456160891854
7.836723474 1.06755806 1.9806470336292 1.5241025468146
7.837273227 0.712885871 1.3226215403332 1.0177537056666
7.83782298 0.589494109 1.09369204550124 0.841593077250622
7.838372732 0.600319557 5.22876511033333 2.91454233366667
7.838922485 0.651264063 5.67249021045691 3.16187713672846
7.839472237 0.710132985 6.18523673328348 3.44768485914174
7.84002199 0.787700567 6.86084801684944 3.82427429192472
7.840571743 1.160728869 10.109913198753 5.63532103387652
7.841121495 1.88218612 16.3937839449893 9.13798503249464
7.841671248 2.552081235 22.2285500525588 12.3903156437794
7.842221001 2.926892046 25.4931408337192 14.2100164398596
7.842770753 3.430830416 29.882428732288 16.656629574144
7.843320506 3.865274091 33.6664199478948 18.7658470194474
7.843870258 4.648093635 40.4847544026463 22.5664240188232
7.844420011 6.182582504 53.850105850662 30.016344177331
7.844969764 5.737832622 10.3662781753333 8.05205539866667
7.845519516 4.893186702 8.87245028570569 6.89171754935285
7.846069269 4.910984813 8.84029525753111 6.86674097976555
7.846619021 4.787573275 8.649488338707 6.7185308068535
7.847168774 2.838911791 5.12893130202217 3.98392154651109
7.847718527 1.339879396 2.42069845102805 1.88028892351402
7.848268279 0.816386343 1.56853852416097 1.21836968658049
7.848818032 0.695930909 1.47832430886186 1.14829536993093
7.849367784 0.818266431 1.47492764038335 1.14565699169168
7.849917537 0.868200849 1.25730635045816 0.976618629729079
